%YAML:1.0
description: "0"
samples:
   - !!opencv-matrix
      rows: 198
      cols: 1
      dt: d
      data: [ -1.9236105368776578e+01, -1.8371219977149995e+01,
          -1.7241115109126763e+01, -1.5996324213977569e+01,
          -1.4334205422382043e+01, -1.1537290493503928e+01,
          -7.7200638895494400e+00, -3.2683255359360683e+00,
          1.7211994616079285e+00, 6.6170723655707677e+00,
          1.0539390810836531e+01, 1.3570805002162178e+01,
          1.5627727719992841e+01, 1.6823753246296850e+01,
          1.7460808714637334e+01, 1.7789810822423565e+01,
          1.7741930748628516e+01, -1.6922617872687336e+01,
          -1.4758563147594232e+01, -1.1821823127514762e+01,
          -8.6606070347819202e+00, -5.5725275733372168e+00,
          3.3670245620208590e+00, 5.9322078395039330e+00,
          8.6857339271068152e+00, 1.1377974472125249e+01,
          1.3571566345849860e+01, -2.9621110281572960e-01,
          -1.5524014537361958e-01, -3.1015008807081967e-02,
          8.6272482915344104e-02, -2.4040928548803246e+00,
          -9.7222464455735713e-01, 4.8474002869234917e-01,
          1.7747874431015374e+00, 3.0140359057850237e+00,
          -1.2775072532722396e+01, -1.0916584452773931e+01,
          -8.5697923062480950e+00, -6.6404984740481945e+00,
          -8.6436825803818937e+00, -1.0808765248414447e+01,
          5.1017522377697482e+00, 6.8068353962009471e+00,
          9.0701774454180981e+00, 1.0956627969061721e+01,
          9.1416171988145258e+00, 7.0550793590372773e+00,
          -5.9903210166670746e+00, -4.1738847759511168e+00,
          -2.0237601736105248e+00, 5.4367530069947634e-01,
          3.0283593979661374e+00, 5.2501112181719014e+00,
          7.0743011902546353e+00, 5.7108617827287231e+00,
          3.6643393959900852e+00, 1.0630584187110035e+00,
          -1.7101103972911176e+00, -4.0785103632433168e+00,
          -2.1330646556001023e+00, 7.0640602497013960e-01,
          3.5146944780281673e+00, 3.7341747487816686e+00,
          9.4018155563111794e-01, -1.9806472362436593e+00,
          -6.0611720737775858e+00, -6.5013272694362401e-01,
          4.7206906113215101e+00, 9.8686066786794751e+00,
          1.4492887459905218e+01, 1.8293939773462512e+01,
          2.1186872988254624e+01, 2.3134909001149154e+01,
          2.3276750443211839e+01, 2.2146127586006237e+01,
          1.9145696441860991e+01, 1.5368718891983415e+01,
          1.1109637946861461e+01, 6.6370267154714533e+00,
          2.0016876504429533e+00, -2.7894480641736052e+00,
          -7.5746423511185075e+00, -1.5418075002341496e+01,
          -1.7792506873144369e+01, -1.9051198313340624e+01,
          -1.9219568790047578e+01, -1.8575739603432659e+01,
          -1.8771028316133627e+01, -1.9574089080738347e+01,
          -1.9709911556496252e+01, -1.9022127595814002e+01,
          -1.7275592961832437e+01, -1.1705120318097554e+01,
          -8.7512798484059573e+00, -5.8204793143743574e+00,
          -2.8924805721456952e+00, 7.5373092943763753e-01,
          9.1495112823012392e-01, 9.1180195878453008e-01,
          8.0108505067300617e-01, 5.1956845851986100e-01,
          -1.0265806717242562e+01, -1.1599132051119515e+01,
          -1.1776869828237112e+01, -1.0599346585904465e+01,
          -9.8367895110286767e+00, -9.6596617643939595e+00,
          -1.1081071493773781e+01, -1.2312574100142701e+01,
          -1.2459315471737741e+01, -1.1277472908269058e+01,
          -1.0483403417662489e+01, -1.0489284107833797e+01,
          9.7145943366258951e+00, 7.7716048980337264e+00,
          6.1127671082539008e+00, 5.9975870754544900e+00,
          5.8542876349218256e+00, 7.2582396045875432e+00,
          9.1159526285400858e+00, 1.1097263874665840e+01,
          1.2508927157674808e+01, 1.3005772725309656e+01,
          1.2762781764860108e+01, 1.1538481907508713e+01,
          8.3189833210726718e+00, 7.8616529756830396e+00,
          8.0578204991936762e+00, 9.8265235978782322e+00,
          1.0298091186303798e+01, 1.0109437700103992e+01,
          2.1567756968370279e+01, 2.1020273862459920e+01,
          2.0526175266506009e+01, 1.8405415320081303e+01,
          1.3666699667395925e+01, 7.9976604874342812e+00,
          3.1030601538929470e+00, -9.2952269901114459e-01,
          -4.6317750797832451e+00, -7.3809322496957885e-01,
          3.3082229949743565e+00, 8.2006418842704676e+00,
          1.3785658162074691e+01, 1.8244863842327298e+01,
          2.0353139695553967e+01, 2.0615281862001517e+01,
          2.1111243411060478e+01, 2.8278430484422007e-01,
          -1.4039996921460749e+00, -2.7984905069522759e+00,
          -4.1135616059419950e+00, -5.3442998816993601e+00,
          -5.4652850745591515e+00, -4.1285738019810605e+00,
          -2.7467586252026610e+00, -1.2745249788558835e+00,
          4.7082121892508888e-01, -4.8786632026726782e+00,
          -7.7409650693809349e+00, -1.0650104231489086e+01,
          -1.3425106246861800e+01, -6.4138441234070527e+00,
          -7.2432304573623227e+00, -8.0578429947277836e+00,
          -7.1554353651935436e+00, -6.2407364663203477e+00,
          -7.5269608622138473e-01, -9.6317634555524678e-01,
          -1.2186790144603934e+00, -1.0262432879276182e+00,
          -1.1488235965593410e+00, -1.0061776214253535e+00,
          -1.1346811474048279e+00, -1.1532688235937978e+00,
          -8.7011453993828702e-01, -6.3824164882301038e-01,
          -9.6307713537460615e-01, -1.1704756969763244e+00,
          -2.7858909612669667e+00, -5.0870377746806428e+00,
          -6.7137132486657647e+00, -8.4570255778364007e+00,
          -6.5001042956184962e+00, -4.8754341735500422e+00,
          -2.6906636993024224e+00, -3.9970225200691760e+00,
          -5.1776355246421266e+00, -6.6754189428769495e+00,
          -5.3461861876216110e+00, -4.2021315444710723e+00,
          -5.1920402404742001e+00, -7.5684371519995439e+00,
          -4.8614059412351960e+00, -4.2975499182906187e+00,
          -6.2129278506698169e+00, -4.5924937133211277e+00 ]
